0,2014-01-31,bleacherreport.com,14,12,27,20,15,25,13,18,23,9,4,2,6,28,11,3,30,16,22,19,1,29,26,8,7,24,5,10,21,17
0,2014-02-19,foxsports.com,18,14,24,15,13,23,7,17,21,9,3,2,5,28,11,4,30,19,20,22,1,26,29,10,8,27,6,12,25,16
0,2014-02-17,nba.com,16,15,26,18,13,25,7,22,20,12,3,2,5,28,9,4,29,17,19,21,1,24,30,8,10,27,6,11,23,14
0,2014-02-18,espn.com,19,14,27,17,13,22,8,24,21,12,4,3,5,28,9,2,30,16,18,23,1,25,29,11,7,26,6,10,20,15
0,2014-02-21,bleacherreport.com,20,16,25,17,12,18,11,19,22,9,4,2,6,29,10,1,28,15,21,24,3,27,30,7,8,26,5,13,23,14
0,2014-02-24,nba.com,18,15,28,17,13,20,8,24,21,10,2,3,6,27,9,1,29,16,19,23,4,25,30,7,11,22,5,12,26,14
0,2014-02-24,espn.com,18,14,28,16,13,21,8,24,23,9,4,3,5,27,10,1,30,17,20,25,2,26,29,11,7,19,6,12,22,15
0,2014-02-27,foxsports.com,18,15,28,14,13,23,10,19,24,8,2,3,7,27,12,1,29,16,20,22,4,26,30,11,6,21,5,9,25,170,2014-02-24,nba.com,18,15,28,17,13,20,8,24,21,10,2,3,6,27,9,1,29,16,19,23,4,25,30,7,11,22,5,12,26,14
0,2014-02-24,nba.com,18,15,28,17,13,20,8,24,21,10,2,3,6,27,9,1,29,16,19,23,4,25,30,7,11,22,5,12,26,14
0,2014-03-03,espn.com,20,15,27,17,8,18,12,25,22,11,6,2,4,26,9,1,29,16,21,28,3,24,30,14,7,23,5,10,19,13
0,2014-03-03,espn.com,20,15,27,17,8,18,12,25,22,11,6,2,4,26,9,1,29,16,21,28,3,24,30,14,7,23,5,10,19,13
0,2014-03-03,espn.com,20,15,27,17,8,18,12,25,22,11,6,2,4,26,9,1,29,16,21,28,3,24,30,14,7,23,5,10,19,13
2014-03-03,espn.com,20,15,27,17,8,18,12,25,22,11,6,2,4,26,9,1,29,16,21,28,3,24,30,14,7,23,5,10,19,13
2014-03-03,espn.com,20,15,27,17,8,18,12,25,22,11,6,2,4,26,9,1,29,16,21,28,3,24,30,14,7,23,5,10,19,13
,20,15,27,17,8,18,12,25,22,11,6,2,4,26,9,1,29,16,21,28,3,24,30,14,7,23,5,10,19,13
